Template: PC_SettingsTemplate_Mushroom
CeilingDrips: 0
WaveSpeed: 0.51
WaveLength: 1
WaveAmplitude: 0.0001
SecondWaveLength: 1
SecondWaveAmplitude: 0.0001
PlacedObjects: LightSource><238.5789><242.1035><0.1425768~EffectColor2~181~322~50~86.60254~0~0~None~0~0, LightSource><498.5551><256.9554><0.1521739~EffectColor2~685~458~50~86.60254~1~0~None~0~0, LightSource><678.9497><256.9906><0.1521734~EffectColor2~250~119~50~86.60254~0~0~None~0~0, 
FadePalette: 243, 0.1630435
WetTerrain: OFF
