DangerType: Blizzard
CeilingDrips: 0
WaveSpeed: 0.365329
WaveLength: 0.9326645
WaveAmplitude: 1.08548E-06
SecondWaveLength: 1
SecondWaveAmplitude: 0.0001
Grime: 0.2717391
Effects: Fog-0.6086956-20-20, SkyDandelions-0.25-52-125, Coldness-1-30-30, 
PlacedObjects: SnowSource><1622.7><472.0107><None~-718~440~50~86.60254~0.5434783~0.5978261, SnowSource><432.0525><367.0316><None~-524~462~50~86.60254~0.3043478~0, 
FadePalette: 245, 0.4565217, 0.3586957
WetTerrain: OFF
