Template: SI_SettingsTemplate_Inside
DangerType: FloodAndRain
CeilingDrips: 0
WaveSpeed: 0.51
WaveLength: 1
WaveAmplitude: 0.0001
SecondWaveLength: 1
SecondWaveAmplitude: 0.0001
Clouds: 0.4021739
Grime: 0.1521739
RandomItemDensity: 0.1847826
RandomItemSpearChance: 0.1021738
Palette: 2
EffectColorA: 8
EffectColorB: 10
PlacedObjects: LocalBlizzard><583.5501><447.0071><-168~65~50~86.60254~0.771739~0.5~0.8586956, 
FadePalette: 247, 0.5434783
WetTerrain: OFF
