Template: MH_SettingsTemplate_Mushroom
CeilingDrips: 0
WaveSpeed: 0.51
WaveLength: 1
WaveAmplitude: 0.0001
SecondWaveLength: 1
SecondWaveAmplitude: 0.0001
PlacedObjects: LightSource><294.1632><1762.116><0.5652174~EffectColor2~228~251~50~86.60254~0~0~None~0~0, LightSource><511><1755><0.5217391~EffectColor2~228~251~50~86.60254~0~0~None~0~0, LightSource><435><2003><0.4673913~EffectColor2~228~251~50~86.60254~0~0~None~0~0, LightSource><712><2000><0.5217391~EffectColor2~228~251~50~86.60254~0~0~None~0~0, LightSource><457><1284><0.5652174~EffectColor2~228~251~50~86.60254~0~0~None~0~0, LightSource><307><1293><0.5652174~EffectColor2~228~251~50~86.60254~0~0~None~0~0, LightSource><542><1057><0.5217391~EffectColor2~228~251~50~86.60254~0~0~None~0~0, LightSource><554><564><0.5217391~EffectColor2~228~251~50~86.60254~0~0~None~0~0, LightSource><429><352><0.5217391~EffectColor2~228~251~50~86.60254~0~0~None~0~0, 
WetTerrain: OFF
