Template: MH_SettingsTemplate_Overgrown
WaveSpeed: 0.6285958
WaveLength: 0.9357021
WaveAmplitude: 3.140385E-06
SecondWaveLength: 1
SecondWaveAmplitude: 0.0001
PlacedObjects: LightSource><519.7443><338.7505><0.2266759~EffectColor2~-701.4979~397.2444~50~86.60254~0~0~None~0~0, LightSource><335.809><366.5714><0.2808088~EffectColor2~407.6656~252.1778~50~86.60254~0~0~None~0~0, LightSource><246.7323><63.53116><0.4509397~EffectColor2~332.9625~267.8222~50~86.60254~0~0~None~0~0, LightSource><971.3567><186.6883><0.3426743~EffectColor2~-418.3375~201.6889~50~86.60254~0~0~None~0~0, LightSource><-105.4643><139.2591><0.5282719~EffectColor2~455.3333~149.0667~50~86.60254~0~0~None~0~0, LightSource><1539.809><373.4991><0.4354732~EffectColor2~698.6521~346.7556~50~86.60254~0~0~None~0~0, LightSource><1887.536><169.2549><0.5128055~EffectColor2~-458.8906~188.1778~50~86.60254~0~0~None~0~0, LightSource><1785.433><633.0833><0.4122726~EffectColor2~-343.6343~119.9111~50~86.60254~0~0~None~0~0, LightSource><1463.177><569.4213><0.520539~EffectColor2~-335.0969~112.8~50~86.60254~0~0~None~0~0, LightSource><1240.594><142.0658><0.4664061~EffectColor2~362.1323~257.1556~50~86.60254~0~0~None~0~0, LightSource><2271.063><94.29901><0.4045404~EffectColor2~396.2823~317.6~50~86.60254~0~0~None~0~0, LightSource><2446.255><329.8459><0.3968075~EffectColor2~799.6792~417.1555~50~86.60254~0~0~None~0~0, LightSource><2296.884><495.3377><0.3736075~EffectColor2~428.2979~221.6~50~86.60254~0~0~None~0~0, LightSource><2767.138><423.7415><0.3968081~EffectColor2~255.4136~260~50~86.60254~0~0~None~0~0, LightSource><2788.55><530.675><0.4818739~EffectColor2~350.0375~264.2667~50~86.60254~0~0~None~0~0, 
FadePalette: 245, -1, -1, -1
WetTerrain: OFF
