Template: PC_SettingsTemplate_Mushroom
CeilingDrips: 0
WaveSpeed: 0.51
WaveLength: 1
WaveAmplitude: 0.0001
SecondWaveLength: 1
SecondWaveAmplitude: 0.0001
PlacedObjects: LightSource><2366.444><1530.095><0.2034766~EffectColor2~846.6354~414.3111~50~86.60254~0~0~None~0~0, LightSource><2095.627><1560.332><1~EffectColor2~243.3188~223.0222~50~86.60254~0~0~None~0~0, LightSource><2270.587><1249.556><1~EffectColor2~271.7771~171.8222~50~86.60254~0~0~None~0~0, LightSource><2649.902><1252.954><1~EffectColor2~17.7865~310.4889~50~86.60254~0~0~None~0~0, LightSource><2818.068><1682.792><1~EffectColor2~295.9666~160.4445~50~86.60254~0~0~None~0~0, LightSource><2852.5><1422.514><1~EffectColor2~211.3032~252.1778~50~86.60254~0~0~None~0~0, LightSource><1532.399><1130.089><0.1029438~EffectColor2~670.9052~401.5111~50~86.60254~0~0~None~0~0, LightSource><1844.93><1071.63><1~EffectColor2~339.3656~207.3778~50~86.60254~0~0~None~0~0, LightSource><1233.501><874.6035><1~EffectColor2~237.6271~294.1333~50~86.60254~0~0~None~0~0, LightSource><1160.265><1108.362><1~EffectColor2~298.8125~231.5555~50~86.60254~0~0~None~0~0, LightSource><1485.785><842.9632><1~EffectColor2~234.0698~206.6667~50~86.60254~0~0~None~0~0, LightSource><1544.421><380.0615><0.3426739~EffectColor2~642.4469~373.0667~50~86.60254~0~0~None~0~0, LightSource><1097.097><326.3715><0.4509397~EffectColor2~414.0687~227.2889~50~86.60254~0~0~None~0~0, LightSource><529.238><354.9793><0.1029438~EffectColor2~655.2532~397.9555~50~86.60254~0~0~None~0~0, LightSource><439.5699><197.1556><0.3890739~EffectColor2~286.0062~173.2444~50~86.60254~0~0~None~0~0, LightSource><148.2793><59.73354><0.4818732~EffectColor2~210.5916~225.1556~50~86.60254~0~0~None~0~0, LightSource><266.6067><483.7173><0.2730753~EffectColor2~248.2989~143.3777~50~86.60254~0~0~None~0~0, LightSource><749.5778><590.3928><0.9818726~EffectColor2~-307.35~78.66663~50~86.60254~0~0~None~0~0, LightSource><996.3486><96.49905><0.4277403~EffectColor2~-335.0969~169.6889~50~86.60254~0~0~None~0~0, LightSource><2323.165><747.0321><0.08747731~EffectColor2~887.9~417.1555~50~86.60254~0~0~None~0~0, LightSource><2638.663><953.3291><0.7989356~EffectColor2~260.3937~127.7333~50~86.60254~0~0~None~0~0, LightSource><2793.637><501.3379><0.6520041~EffectColor2~382.0531~198.1333~50~86.60254~0~0~None~0~0, LightSource><2988.17><725.2487><0.5901383~EffectColor2~-247.5875~168.2667~50~86.60254~0~0~None~0~0, LightSource><2310.662><794.0199><0.5282719~EffectColor2~313.7531~182.4889~50~86.60254~0~0~None~0~0, LightSource><2208.667><996.8119><0.5360054~EffectColor2~190.6708~139.8222~50~86.60254~0~0~None~0~0, LightSource><1184.218><1348.921><0.5824047~EffectColor2~338.6541~200.2667~50~86.60254~0~0~None~0~0, LightSource><1895.806><1472.484><1~EffectColor2~-319.4448~143.3778~50~86.60254~0~0~None~0~0, LightSource><395.9183><610.642><1~EffectColor2~134~164~50~86.60254~0~0~None~0~0, 
WetTerrain: OFF
