CeilingDrips: 0
WaveSpeed: 0.51
WaveLength: 1
WaveAmplitude: 0.0001
SecondWaveLength: 1
SecondWaveAmplitude: 0.0001
PlacedObjects: LightSource><3490.901><1090.326><0.3369565~EffectColor2~725~424~50~86.60254~0~0~None~0~0, LightSource><3175.855><1032.862><1~EffectColor2~278~267~50~86.60254~0~0~None~0~0, LightSource><3852.422><1217.648><1~EffectColor2~276~247~50~86.60254~0~0~None~0~0, LightSource><3557.316><774.9207><1~EffectColor2~435~452~50~86.60254~0~0~None~0~0, LightSource><3185><785><1~EffectColor2~435~452~50~86.60254~0~0~None~0~0, LightSource><3836><607><1~EffectColor2~435~452~50~86.60254~0~0~None~0~0, LightSource><3467><420><0.6195652~EffectColor2~435~452~50~86.60254~0~0~None~0~0, LightSource><3631><135><0.4673913~EffectColor2~435~452~50~86.60254~0~0~None~0~0, LightSource><3708><414><0.5869565~EffectColor2~435~452~50~86.60254~0~0~None~0~0, LightSource><2452><1159><0.3369565~EffectColor2~725~424~50~86.60254~0~0~None~0~0, LightSource><2875><858><0.6847826~EffectColor2~278~267~50~86.60254~0~0~None~0~0, LightSource><2565><834><0.4782609~EffectColor2~278~267~50~86.60254~0~0~None~0~0, LightSource><2319><826><0.5869565~EffectColor2~278~267~50~86.60254~0~0~None~0~0, LightSource><2009><809><0.7608696~EffectColor2~278~267~50~86.60254~0~0~None~0~0, LightSource><1941><1040><0.4347826~EffectColor2~278~267~50~86.60254~0~0~None~0~0, LightSource><2299><1000><0.4130435~EffectColor2~278~267~50~86.60254~0~0~None~0~0, LightSource><2730><1012><0.2391304~EffectColor2~278~267~50~86.60254~0~0~None~0~0, LightSource><1962><348><0.3369565~EffectColor2~725~424~50~86.60254~0~0~None~0~0, LightSource><1712><558><1~EffectColor2~278~267~50~86.60254~0~0~None~0~0, LightSource><1957><498><1~EffectColor2~278~267~50~86.60254~0~0~None~0~0, LightSource><1798><379><1~EffectColor2~278~267~50~86.60254~0~0~None~0~0, LightSource><2296><571><1~EffectColor2~278~267~50~86.60254~0~0~None~0~0, LightSource><2337><266><1~EffectColor2~278~267~50~86.60254~0~0~None~0~0, LightSource><2026><138><1~EffectColor2~435~452~50~86.60254~0~0~None~0~0, LightSource><1496><1151><0.3369565~EffectColor2~725~424~50~86.60254~0~0~None~0~0, LightSource><1091><879><0.4347826~EffectColor2~278~267~50~86.60254~0~0~None~0~0, LightSource><1267><842><0.5108696~EffectColor2~278~267~179~197.6025~0~0~None~0~0, LightSource><1657><869><0.423913~EffectColor2~278~267~50~86.60254~0~0~None~0~0, LightSource><1397><823><0.5652174~EffectColor2~278~267~50~86.60254~0~0~None~0~0, LightSource><1852><866><0.6413044~EffectColor2~278~267~50~86.60254~0~0~None~0~0, LightSource><1133><1027><1~EffectColor2~278~267~50~86.60254~0~0~None~0~0, LightSource><1486><1017><1~EffectColor2~278~267~50~86.60254~0~0~None~0~0, LightSource><1876><992><1~EffectColor2~278~267~50~86.60254~0~0~None~0~0, LightSource><447><1140><0.3369565~EffectColor2~725~424~50~86.60254~0~0~None~0~0, LightSource><67><1149><0.4021739~EffectColor2~278~267~50~86.60254~0~0~None~0~0, LightSource><733><1044><0.2391304~EffectColor2~278~267~50~86.60254~0~0~None~0~0, LightSource><1073><859><1~EffectColor2~278~267~50~86.60254~0~0~None~0~0, LightSource><774><844><0.4021739~EffectColor2~278~267~50~86.60254~0~0~None~0~0, LightSource><516><834><0.423913~EffectColor2~278~267~50~86.60254~0~0~None~0~0, LightSource><337><866><0.4891304~EffectColor2~278~267~50~86.60254~0~0~None~0~0, LightSource><474><360><0.3369565~EffectColor2~725~424~50~86.60254~0~0~None~0~0, LightSource><99><467><1~EffectColor2~278~267~50~86.60254~0~0~None~0~0, LightSource><-160><315><1~EffectColor2~278~267~50~86.60254~0~0~None~0~0, LightSource><63><224><1~EffectColor2~278~267~50~86.60254~0~0~None~0~0, LightSource><274><97><1~EffectColor2~278~267~50~86.60254~0~0~None~0~0, LightSource><543><347><1~EffectColor2~278~267~50~86.60254~0~0~None~0~0, LightSource><333><528><1~EffectColor2~278~267~50~86.60254~0~0~None~0~0, LightSource><470><416><1~EffectColor2~278~267~50~86.60254~0~0~None~0~0, LightSource><303><309><1~EffectColor2~278~267~50~86.60254~0~0~None~0~0, 
WetTerrain: OFF
