Template: PC_SettingsTemplate_Mushroom
CeilingDrips: 0
WaveSpeed: 0.51
WaveLength: 1
WaveAmplitude: 0.0001
SecondWaveLength: 1
SecondWaveAmplitude: 0.0001
PlacedObjects: PCPlayerSensitiveLightSource><685.7247><1787.448><0~1~0.5~EffectColor2~-290~455~-531~173~50~86.60254~0, LightSource><152.8179><1980.417><0.4021739~EffectColor2~404~141~50~86.60254~0~0~None~0~0, PCPlayerSensitiveLightSource><1316.863><1468.3><0~1~0.5~EffectColor2~477.5646~197.5778~273.5781~206.1556~50~86.60254~0, LightSource><1666.102><1673.135><1~EffectColor2~186~190~50~86.60254~0~0~None~0~0, PCPlayerSensitiveLightSource><1698.339><1384.929><0~1~0.5~EffectColor2~-507~136~-258~226~50~86.60254~0, PCPlayerSensitiveLightSource><2137.56><1288.564><0~1~0.5~EffectColor2~326~120~374~105~50~86.60254~0, PCPlayerSensitiveLightSource><2589.724><1097.198><0~1~0.5~EffectColor2~304~142~373~201~50~86.60254~0, LightSource><2198.408><1017.373><1~EffectColor2~289~121~-274~-200.3975~0~0~None~0~0, LightSource><1943.735><1074.949><1~EffectColor2~59~182~50~86.60254~0~0~None~0~0, PCPlayerSensitiveLightSource><2258.371><842.1595><0~1~0.5~EffectColor2~-248~152~-355~329~50~86.60254~0, PCPlayerSensitiveLightSource><1820.802><259.5569><0~1~0.5~EffectColor2~-388~148~-627~245~50~86.60254~0, PCPlayerSensitiveLightSource><1405.558><298.6927><0~1~0.5~EffectColor2~336~210~509~332~50~86.60254~0, PCPlayerSensitiveLightSource><963.9109><260.3687><0~1~0.5~EffectColor2~263~203~318~293~50~86.60254~0, PCPlayerSensitiveLightSource><507.1501><288.1733><0~1~0.5~EffectColor2~451~203~281~202~50~86.60254~0, PCPlayerSensitiveLightSource><2371.641><250.6679><0~1~0.5~EffectColor2~410~199~478~271~50~86.60254~0, PCPlayerSensitiveLightSource><2805.448><268.7763><0~1~0.5~EffectColor2~304~168~308~450~50~86.60254~0, LightSource><2566.125><561.0941><1~EffectColor2~-362~-6~50~86.60254~0~0~None~0~0, PCPlayerSensitiveLightSource><3457.181><328.0859><0~1~0.5~EffectColor2~-413~203~641~367~50~86.60254~0, PCPlayerSensitiveLightSource><2120.465><203.3031><0~1~0.5~EffectColor2~198~145~275~360~50~86.60254~0, PCPlayerSensitiveLightSource><2138.556><565.5487><0~1~0.5~EffectColor2~335~87~502~95~50~86.60254~0, PCPlayerSensitiveLightSource><2939.2><1239.242><0~1~0.5~EffectColor2~-317~123~-637~183~50~86.60254~0, PCPlayerSensitiveLightSource><3292.612><1482.605><0~1~0.5~EffectColor2~-459~134~-570~248~50~86.60254~0, LightSource><3848.902><1707.62><1~EffectColor2~-295~89~50~86.60254~0~0~None~0~0, LightSource><3968.051><1200.013><1~EffectColor2~-410~175~50~86.60254~0~0~None~0~0, LightSource><548.0676><1846.168><0.1304348~EffectColor2~-769~394~50~86.60254~0~0~None~0~0, LightSource><1501.466><1486.498><0.1847826~EffectColor2~721~382~50~86.60254~0~0~None~0~0, 
WetTerrain: OFF
