Template: LF_SettingsTemplate_Farms
DangerType: Blizzard
CeilingDrips: 0
WaveSpeed: 0.2196461
WaveLength: 0.859823
WaveAmplitude: 0.0002021819
SecondWaveLength: 1
SecondWaveAmplitude: 0.0001
Palette: 0
PlacedObjects: SnowSource><578.3464><3444.403><Radial~-807.5052~382.3111~50~86.60254~0.636537~0.2938631, SnowSource><1527.487><3364.685><Radial~697.9407~431.3778~50~86.60254~0.6056048~0.3557288, SnowSource><2042.968><3226.251><Radial~387.7448~224.4445~50~86.60254~0.497339~0.2938634, SnowSource><2461.063><382.3482><Radial~-678.0198~336.0889~50~86.60254~0.7448034~0.5645267, SnowSource><1597.62><411.7973><Radial~-839.5208~314.7556~50~86.60254~0.5128055~0.2938631, SnowSource><948.681><1099.175><Radial~-753.4344~398.6667~50~86.60254~0.5514719~0.3943953, SnowSource><3396.648><378.0958><Radial~762.6833~345.3333~50~86.60254~0.5282726~0.3325288, SnowSource><3955.913><1141.974><Radial~-719.9958~353.1555~50~86.60254~0.543739~0.4098623, SnowSource><5153.58><1104.618><Radial~781.1813~400.0889~50~86.60254~0.5282719~0.3015966, 
FadePalette: 14, 0.3634624, 0.3789282, 0.3789288, 0.3943953, 0.4098617, 0.4021281, 0.3943953, 0.3866617, 0.3711953, 0.3325295, 0.3866617, 0.3634624
WetTerrain: OFF
MorePalette0: 245, 0.3557288, 0.2551959, 0.3402617, 0.3557301, 0.2629302, 0.1701302, 0.1778644, 0.3789288, 0.4098617, 0.1237342, 0.1237329, 0.04639999
MorePalette1: 243, 0.2861302, 0, 0, 0, 0, 0, 0, 0.2319973, 0.2319973, 0, 0, 0
