Template: SU_SettingsTemplate_Inside
DangerType: Blizzard
CeilingDrips: 0
WaveSpeed: 0.1988049
WaveLength: 0.8494024
WaveAmplitude: 1.182868E-07
SecondWaveLength: 1
SecondWaveAmplitude: 0.0001
EffectColorA: 18
EffectColorB: 6
PlacedObjects: CustomDecal><393.5023><2462.3><-146~643~347~642~200~-123~-817~45~0.2282609~1~0~rustb4~0.3695652~0~0.5108696~0~0.5978261~0~0.3586957~0, SnowSource><528.8763><2838.405><Radial~-25~367~50~86.60254~1~1, SnowSource><531.8021><2469.307><Radial~-253~253~50~86.60254~0.5760869~0.6304348, CustomDecal><386.1797><2362.912><-112~709~306~706~239~-58~-473~211~0.2282609~1~0~dev mural 1~0.7391304~0.173913~0.7391304~0.173913~0.7391304~0.173913~0.7391304~0.173913, CustomDecal><351.8861><1530.414><46~401~340~196~292~42~-435~76~0.2173913~1~0~fear iterator~0.6304348~0.3152174~0.6304348~0.3152174~0.6304348~0.3152174~0.6304348~0.3152174, SnowSource><493.6995><2055.015><Radial~271~129~50~86.60254~0.6630435~0.4891304, SnowSource><478.95><1684.246><Radial~-197~130~448~-232.3975~0.6739131~0.3152174, CustomDecal><399.2747><1765.199><-74~678~336~679~171~-236~0~0~0.2173913~1~0~rustb6~0.6521739~0.4456522~0.6521739~0.4456522~0.6521739~0.4456522~0.6521739~0.4456522, 
FadePalette: 10, 0.3043478, 0.326087, 0.2826087, 0.2717391
WetTerrain: OFF
MorePalette0: 241, 0.25, 0.2065217, 0.1847826, 0.1630435
