Clouds: 0.326087
Grime: 0.2717391
Palette: 243
EffectColorA: 19
EffectColorB: 6
Effects: Flies-0.2826087-20-20, ReplaceEffectColorA-0-434-493-Color-0.4673913-0.1413043-0.1195652, ReplaceEffectColorB-0-583-299-Color-0.2826087-0.4130435-0.2065217, 
PlacedObjects: InsectGroup><504.8022><366.2202><-2~121~-914~-474~FireFly~0.2826087, LightSource><614.4822><430.1992><1~EffectColor1~-167~42~-1059~-541.3975~1~0, LightSource><362.581><480.8171><1~EffectColor1~-170~79~-809~-591.3975~1~0, Mushroom><534.089><269.3687><-976~-387~2~3, Mushroom><561.0552><275.2049><-1003~-394~2~3, Mushroom><255.7263><322.3014><-481~-420~2~3, Mushroom><271.5503><325.4899><-335~-366~2~3, LightSource><308.1415><366.3913><0.2826087~EffectColor2~0~100~-874~-445.3975~1~0, LightSource><204.0536><347.7123><0.1521739~EffectColor2~0~100~-601~-438.3975~1~0, CustomDecal><427.95><280.2485><-11~278~154~281~147~-69~-558~5~0.3152174~1~0~AngularWhiteOLs~0.4456522~1~0.4456522~1~0.4456522~1~0.4456522~1, 
Triggers: Spot<tA>event<tB>MusicEvent<eA>songName<eB>solar_wind<eA>vol<eB>0.3<eA>prio<eB>0.5<eA>mxThrt<eB>1<eA>loop<eB>0<eA>droneTol<eB>0<eA>rooms<eB>-1<eA>rest<eB>5<eA>fadeIn<eB>0<eA>oneSongPerCycle<eB>0<eA>stopAtDeath<eB>0<eA>stopAtGate<eB>0<tA>multiUse<tB>0<tA>toCycle<tB>-1<tA>fromCycle<tB>0<tA>delay<tB>0<tA>panPos<tB>684.3124<tB>212.4308<tA>fireChance<tB>1<tA>entrance<tB>-1<tA>karma<tB>0<tA>slugcats<tB>111<tA>pos<tB>488.3124<tB>374.4308<tA>handlePos<tB>-305.3553<tB>-46.35535, 
FadePalette: 241, 0.2608696
