Template: PC_SettingsTemplate_Higher
Palette: 245
FadePalette: 243, 0.1195652, 0.2608696
