Template: NONE
Clouds: 0
Grime: 0.2934783
Palette: 243
EffectColorA: 18
EffectColorB: 6
Effects: Flies-0.2173913-20-20, ReplaceEffectColorB-0-409-207-Color-0-0.2065217-0, ReplaceEffectColorA-0-294-0-3-Color-0.2608696-0-0, 
PlacedObjects: LightSource><2078.55><269.7372><1~EffectColor1~-8~82~50~86.60254~0~0, LightSource><1969.589><231.8686><0.2391304~EffectColor1~8~82~302~-0.3974609~1~0, LightSource><2190.614><246.3353><0.5326087~EffectColor1~-91~28~-41~-113.3975~1~0, LightSource><2532.082><246.1084><1~EffectColor1~-6~109~50~86.60254~1~0, LightSource><1684.2><587.4437><1~EffectColor1~-113~41~50~86.60254~1~0, LightSource><1276.199><267.9819><0.7173913~EffectColor1~-50~75~50~86.60254~1~0, LightSource><366.0507><608.0159><1~EffectColor1~-106~-30~50~86.60254~1~0, LightSource><1439.362><334.1658><1~EffectColor1~-44~78~-28~-393.3975~1~0, CustomDecal><2238.437><-48.42825><-23~215~164~358~224~-97~-87.9989~-248~0.6413044~1~0~RKSkull~0.5217391~0.4565217~0.5217391~0.4565217~0.5217391~0.4565217~0.5217391~0.4565217, InsectGroup><2732.74><230.1997><-109~305~-225~-48~GrassHopper~1, InsectGroup><1758.55><119.0018><-222~181~0~0~FireFly~0.5, CustomDecal><1642.107><-2.918976><63~285~253~209~251~-35~-1063~-337~0.5978261~1~0~JellyFish~0.3369565~1~0.3369565~1~0.3369565~1~0.3369565~1, InsectGroup><1118.551><491.9843><90~130~-162~-431~Beetle~0.5, CustomDecal><690.9702><-52.80225><-154~277~366~415~257~-18~-759~-27~0.6520512~1~0~BlueBrown~0.3695652~1~0.3695652~1~0.3695652~1~0.3695652~1, InsectGroup><377.3181><484.4171><-360~229~0~0~FireFly~0.2282609, InsectGroup><757.093><84.32289><-235~199~-1200~-192~FireFly~0.3913043, SpotLight><288.6843><648.8277><13~-202~161~-216~144~99, LightSource><1183.345><493.3766><0.2717391~EffectColor2~-90~111~50~86.60254~1~0, LightSource><693.1985><88.52461><0.4021739~EffectColor2~0~100~-758~-203.3975~1~0, LightSource><595.8129><378.6899><0.3478261~EffectColor2~-102~68~-1033~-479.3974~1~0, LightSource><2092.615><352.8979><0.25~EffectColor2~0~100~438~-454.3975~1~0, LightSource><227.6561><428.875><0.3695652~EffectColor2~0~100~50~86.60254~1~0, LightSource><984.1859><360.4395><0.2500073~EffectColor2~0~100~50~86.60254~1~0, LightSource><2627.079><157.397><0.3478261~EffectColor2~0~100~50~86.60254~1~0, 
FadePalette: 241, 0.1195652, 0.2065217, 0.2608696
