Template: NONE
Clouds: 0.8804348
Grime: 0.2173913
Palette: 245
EffectColorA: 19
EffectColorB: 6
Effects: Flies-0.2608696-20-20, ReplaceEffectColorA-0-433-465-Color-0.173913-0-0, ReplaceEffectColorB-0-678-324-Color-0-0.2173913-0, 
PlacedObjects: LightSource><622.1555><1356.823><1~EffectColor1~-47~75~50~86.60254~1~0, LightSource><483.9119><1240.632><1~EffectColor1~-68~66~50~86.60254~1~0, LightSource><452.7649><1110.699><1~EffectColor1~-60~57~-356~-122.3975~1~0, LightSource><179.9764><1587.801><1~EffectColor1~-46~-70~50~86.60254~1~0, InsectGroup><507.4314><1225.916><57~489~-953~-397~FireFly~0.2717391, InsectGroup><515.405><1129.824><-282~186~0~0~GrassHopper~1, InsectGroup><389.098><1908.88><225~370~71~-311~Beetle~0.5, InsectGroup><480.2003><1947.444><-302~215~-925~-1114~FireFly~0.2608696, CustomDecal><343.8231><1843.593><3~474~385~466~229~-189~-321~180~0.2934783~1~0~AlienLetterB&W~0.2173913~1~0.2173913~1~0.2173913~1~0.2173913~1, CustomDecal><158.1973><1008.033><212~624~650~633~459~-131~-328~175~0.5869565~1~0~TamponNose~0.4130435~1~0.4130435~1~0.4130435~1~0.4130435~1, LightSource><255.8768><417.8452><1~EffectColor1~-105~84~50~86.60254~0~0, CustomDecal><212.6799><377.1627><-113~372~538~378~452~-229~-48~173~0.2717391~1~0~UNQ - Tapir~0.5434783~0~0.5434783~0~0.5434783~0~0.5434783~0, InsectGroup><468.4396><399.8138><-379~357~0~0~FireFly~0.25, InsectGroup><449.1459><424.8633><-484~191~0~0~GrassHopper~1, LightSource><486.693><367.4476><0.3152174~EffectColor2~0~100~50~86.60254~1~0, LightSource><429.1281><1346.909><0.3043478~EffectColor2~-54~70~50~86.60254~1~0, LightSource><366.6841><1042.328><0.25~EffectColor2~0~100~-479~-50.39746~1~0, LightSource><615.4431><959.8015><0.25~EffectColor2~0~100~50~86.60254~1~0, 
FadePalette: 243, 0.7391304, 0.7826087, 0.7717391
