Template: PC_SettingsTemplate_Higher
Clouds: 0.3804348
FadePalette: 245, 0.4347826, 0.4130435, 0.3369565, 0.2826087
