Template: PC_SettingsTemplate_Higher
CeilingDrips: 0
WaveSpeed: 0.5502228
WaveLength: 0.9748886
WaveAmplitude: 1.811498E-09
SecondWaveLength: 1
SecondWaveAmplitude: 0.0001
Clouds: 0.4130435
PlacedObjects: SnowSource><558.2726><523.1998><Radial~-216.9948~-413.4221~-1002.958~-667.8864~0.6674705~0.3789288, CustomDecal><353.8118><55.36443><-77.54895~182.2222~72.72711~204.9778~57.07495~-125.1555~457.4678~-410.3112~0.2242641~1~0~deadslugh~0.6984037~0.4175952~0.6984037~0.4175952~0.6984037~0.4175952~0.6984037~0.4175952, CustomDecal><550.3777><92.51648><-59.76251~295.2889~325.2948~395.5555~378.6542~-49.77777~368.5355~-448.7111~0.3557295~1~0~norgad liz~1~0.1701315~1~0.1701315~1~0.1701315~0.8685349~0.1701315, CustomDecal><453.1461><403.3217><-86.08649~293.8666~151.699~295.2889~109.723~-11.37778~464.5824~-757.3334~0.2087986~1~0~moon_prop~0.7602685~0.3247959~0.7602685~0.3247959~0.7602685~0.3247959~0.7602685~0.3247959, CustomDecal><599.2156><483.7484><-120.2365~217.7778~118.2604~222.0444~224.9791~-115.2~285.2948~-841.2444~0.2242644~1~0~lips~0.7061356~0.2474644~0.7061356~0.2474644~0.7061356~0.2474644~0.7061356~0.2474644, CustomDecal><173.9244><174.7462><-125.9281~278.2222~314.6229~229.1556~178.0229~-36.97778~401.974~-531.9111~0.2165307~1~0~karma_tag~0.6520041~0.28613~0.6520041~0.28613~0.6520041~0.28613~0.6520041~0.28613, LightSource><330.7922><270.2667><0.3272081~EffectColor2~0~100~-300.749~-423.2641~1~0~None~0~0, LightSource><801.8801><213.0403><0.3890739~EffectColor2~0~100~-281.5396~-326.553~1~0~None~0~0, LightSource><676.4945><530.2097><0.3349424~EffectColor2~0~100~50~86.60254~1~0~None~0~0, LightSource><560.4372><145.19><0.2730764~EffectColor2~0~100~-247.3895~-300.2419~1~0~None~0~0, LightSource><596.6936><611.374><0.2730753~EffectColor2~0~100~50~86.60254~1~0~None~0~0, LightSource><524.9274><330.0199><0.3504075~EffectColor2~0~100~-604.5416~-485.1308~1~0~None~0~0, LightSource><782.7424><326.8964><0.2266766~EffectColor2~0~100~-793.7896~-477.3086~1~0~None~0~0, 
FadePalette: 245, 0.268388
WetTerrain: OFF
