Template: PC_SettingsTemplate_Surface
CeilingDrips: 0
WaveSpeed: 0.7150447
WaveLength: 0.8924776
WaveAmplitude: 5.565741E-10
SecondWaveLength: 1
SecondWaveAmplitude: 0.0001
Effects: AboveCloudsView-0.7934783-20-20, 
PlacedObjects: SnowSource><518.8554><277.6382><Radial~-721~437~50~86.60254~0.8695652~0.7826087, 
FadePalette: 245, 1
WetTerrain: OFF
BackgroundOffset: -5000,-1101.562
BackgroundType: atc_si_saint
