Template: PC_SettingsTemplate_Surface
CeilingDrips: 0
WaveSpeed: 0.6757433
WaveLength: 0.9121284
WaveAmplitude: 1.708258E-11
SecondWaveLength: 1
SecondWaveAmplitude: 0.0001
Palette: 245
PlacedObjects: PlacedWind><76.34277><-31.37361><-48~828~1341~778~1364~-57~-0.3913044~Creatures~Horizontal, SnowSource><460.8154><347.327><Radial~-943~361~50~86.60254~0.7282609~0.3804348, 
FadePalette: 245, 0
WetTerrain: OFF
BackgroundOffset: -1471.471,-720.8917
BackgroundType: atc_si_saint
