Template: PC_SettingsTemplate_Higher
CeilingDrips: 0
WaveSpeed: 0.4411922
WaveLength: 0.9705961
WaveAmplitude: 1.467552E-08
SecondWaveLength: 1
SecondWaveAmplitude: 0.0001
PlacedObjects: SnowSource><473.3446><335.2067><Radial~-392.7251~521.6888~-955.2906~-465.2197~0.4896061~0.247465, SnowSource><649.2469><589.7832><Radial~-125.9282~-114.0444~-1093.314~-718.3752~0.3736075~0.2551973, SnowSource><305.373><600.9588><Radial~-88.22083~159.7334~50~86.60254~0.2730746~0.1391993, CustomDecal><266.5534><114.1155><-117.3907~477.3333~735.8063~451.0222~438.4167~-230.4~-478.1~-460.0889~0.2165308~1~0~lc_groupgraffiti~0.6210709~0.1469315~0.6210709~0.1469315~0.6210709~0.1469315~0.6210709~0.1469315, CustomDecal><98.55679><174.1279><-83.95209~142.4~276.9156~187.2~182.2917~-96.00001~34.14999~-519.1111~0.2087973~1~0~organ~0.8066692~0.1237322~0.8066692~0.1237322~0.8066692~0.1237322~0.8066692~0.1237322, CustomDecal><231.1552><345.9289><-170.0385~362.8445~303.951~369.9555~184.426~-137.2444~-673.751~-696.1778~0.2087976~1~0~hoko can~0.6597373~0.4407947~0.6597373~0.4407947~0.6597373~0.4407947~0.6597373~0.4407947, CustomDecal><481.9646><408.904><-45.53333~320.8889~365.1365~320.1778~223.5562~-351.2889~-924.8958~-743.8222~0.2242644~1~0~deerman~0.6288047~0.2087979~0.6288047~0.2087979~0.6288047~0.2087979~0.6288047~0.2087979, LightSource><251.2441><240.0821><0.3117411~EffectColor2~0~100~-698.4542~-391.2641~1~0~None~0~0, LightSource><581.4072><140.6615><0.3194746~EffectColor2~0~100~-1022.168~-290.9975~1~0~None~0~0, LightSource><341.7283><642.0536><0.358141~EffectColor2~0~100~-789.5208~-793.0419~1~0~None~0~0, LightSource><775.1228><141.7608><0.3117417~EffectColor2~0~100~-1221.376~-295.2641~1~0~None~0~0, LightSource><683.2487><643.8065><0.334941~EffectColor2~0~100~-1130.309~-797.3086~1~0~None~0~0, LightSource><302.6927><133.9348><0.3117411~EffectColor2~0~100~-747.5448~-284.5975~1~0~None~0~0, LightSource><215.7668><561.3405><0.2885417~EffectColor2~0~100~-644.3833~-715.5308~1~0~None~0~0, LightSource><99.07504><235.9845><0.3040084~EffectColor2~0~100~-543.3563~-390.553~1~0~None~0~0, 
FadePalette: 245, 0.5799931
WetTerrain: OFF
