Template: PC_SettingsTemplate_Higher
CeilingDrips: 0
WaveSpeed: 0.6542143
WaveLength: 0.9228929
WaveAmplitude: 9.225267E-05
SecondWaveLength: 1
SecondWaveAmplitude: 0.0001
Palette: 245
PlacedObjects: SnowSource><448.1996><1272.237><None~24~131~50~86.60254~0.3369565~0, LocalBlizzard><459.5591><1318.56><518~-642~192~-91.39746~0.7499998~0.5~0.7608696, 
FadePalette: 243, 0.1304348, 0.2065217
WetTerrain: OFF
