Template: PC_SettingsTemplate_Higher
Palette: 245
FadePalette: 243, 0.2934783, 0.2717391
