Template: PC_SettingsTemplate_Higher
CeilingDrips: 0
WaveSpeed: 0.5412966
WaveLength: 0.9793517
WaveAmplitude: 0.0145122
SecondWaveLength: 1
SecondWaveAmplitude: 0.0001
Palette: 245
PlacedObjects: LightSource><286.0301><312.3636><1~EffectColor1~0~100~-727.6239~-388.4197~1~0~None~0~0, CustomDecal><346.4415><18.45743><-103.1615~775.2889~601.3406~773.1555~511.6969~0~-331.5396~273.7778~0.2242641~0.7138699~0~medusa~0.682937~0.3247963~0.682937~0.3247963~0.682937~0.3247963~0.682937~0.3247963, SnowSource><508.2856><420.998><Radial~-436.8354~-18.04443~50~86.60254~0.5592054~0.2938631, LightSource><336.3623><1173.327><1~EffectColor1~0~100~50~86.60254~1~0~None~0~0, SnowSource><487.7323><1014.943><Radial~-350.0375~271.3778~437.7448~464.9136~0.450939~0.2861295, CustomDecal><262.2811><801.3566><-170.0386~533.5111~205.0583~465.2444~127.5093~-7.111111~-369.9583~271.6445~0.193331~1~0~pebbles headache~0.6752037~0.3402627~0.8144024~0.3402627~0.5824051~0.3402627~0.9768003~0.3402627, CustomDecal><525.6942><790.1452><-83.95209~626.6667~299.6823~524.9778~150.276~0~295.2552~88.17776~0.2165315~1~0~deerman~0.682937~0.2629302~0.7602698~0.2629302~0.3426739~0.2629302~0.6056054~0.2629302, 
FadePalette: 243, 0.3586957, 0.4456522
WetTerrain: OFF
