Template: PC_SettingsTemplate_Higher
CeilingDrips: 0
WaveSpeed: 0.2997835
WaveLength: 0.8998917
WaveAmplitude: 0.0002331966
SecondWaveLength: 1
SecondWaveAmplitude: 0.0001
Palette: 245
PlacedObjects: DangleFruit><641.1517><1780.835><0~0~2~3, DangleFruit><697.5526><1778.659><0~0~2~3, DangleFruit><326.014><1784.399><0~0~2~3, DangleFruit><451.3495><1839.131><0~0~2~3, DangleFruit><227.7555><1641.093><0~0~2~3, 
FadePalette: 243, 0.7246943, 0.6720223, 0.5915536
WetTerrain: OFF
