Template: PC_SettingsTemplate_Higher
CeilingDrips: 0
WaveSpeed: 0.2039576
WaveLength: 0.8519788
WaveAmplitude: 0.007638033
SecondWaveLength: 1
SecondWaveAmplitude: 0.0001
Palette: 243
FadePalette: 245, 0.2405913, 0.2144701, 0.2192821
WetTerrain: OFF
