Template: PC_SettingsTemplate_Higher
CeilingDrips: 0
WaveSpeed: 0.4756834
WaveLength: 0.9878417
WaveAmplitude: 9.667265E-09
SecondWaveLength: 1
SecondWaveAmplitude: 0.0001
Palette: 245
FadePalette: 243, 0.7246943, 0.6720223, 0.5915536
WetTerrain: OFF
