Template: PC_SettingsTemplate_Mushroom
CeilingDrips: 0
WaveSpeed: 0.4616207
WaveLength: 0.9808103
WaveAmplitude: 9.002563E-05
SecondWaveLength: 1
SecondWaveAmplitude: 0.0001
PlacedObjects: LightSource><488.4607><357.6985><0.1106773~EffectColor2~693.6719~387.2888~-499.9573~-18.64191~0~0~None~0~0, LightSource><303.938><464.1634><0.497339~EffectColor2~321.5792~234.4~50~86.60254~0~0~None~0~0, LightSource><611.1821><479.9408><0.6288041~EffectColor2~389.8791~159.7333~50~86.60254~1~0~None~0~0, LightSource><788.6561><302.3609><0.358141~EffectColor2~-476.6771~375.9111~50~86.60254~0~0~None~0~0, LightSource><1073.972><205.0694><0.5514719~EffectColor2~-545.6886~241.5111~50~86.60254~0~0~None~0~0, LightSource><1522.147><356.379><0.1957424~EffectColor2~682.2886~383.0222~50~86.60254~0~0~None~0~0, LightSource><1511.812><495.3672><0.4973397~EffectColor2~526.4792~219.4667~50~86.60254~0~0~None~0~0, LightSource><1737.726><482.6945><0.4200068~EffectColor2~-304.5042~131.2888~50~86.60254~0~0~None~0~0, LightSource><1440.682><231.7133><0.4200068~EffectColor2~400.551~207.3778~50~86.60254~0~0~None~0~0, LightSource><1687.469><251.0279><0.2962753~EffectColor2~302.3698~213.0667~50~86.60254~0~0~None~0~0, LightSource><1845.165><180.7555><0.5437383~EffectColor2~-527.1907~165.4222~50~86.60254~0~0~None~0~0, LightSource><2531.831><296.0656><0.2266759~EffectColor2~722.1302~410.7556~50~86.60254~0~0~None~0~0, LightSource><2251.598><283.554><0.4664061~EffectColor2~478.8115~159.7333~50~86.60254~0~1~None~0~0, LightSource><2492.381><270.1967><0.4586732~EffectColor2~458.8906~218.7556~50~86.60254~0~0~None~0~0, LightSource><2816.388><269.3897><0.4277397~EffectColor2~-462.4479~127.0222~50~86.60254~0~0~None~0~0, 
WetTerrain: OFF
