Template: PC_SettingsTemplate_Higher
CeilingDrips: 0
WaveSpeed: 0.3419716
WaveLength: 0.9209858
WaveAmplitude: 0.001027935
SecondWaveLength: 1
SecondWaveAmplitude: 0.0001
Grime: 0.05915998
Palette: 243
PlacedObjects: ExitSymbolHidden><365.5449><116.1949><, 
FadePalette: 245, 0.2051065, 0.1447011, 0.1664402
WetTerrain: OFF
