Template: PC_SettingsTemplate_Higher
CeilingDrips: 0
WaveSpeed: 0.631307
WaveLength: 0.9343465
WaveAmplitude: 0.0001484563
SecondWaveLength: 1
SecondWaveAmplitude: 0.0001
Palette: 245
PlacedObjects: LightSource><506.8156><314.9225><0.423913~EffectColor1~-245~250~50~86.60254~1~0~None~0~0, DataPearl><326.0812><319.3172><0~0~0~0~Misc~0, 
FadePalette: 243, 0.793048, 0.9061254, 0.9466825
WetTerrain: OFF
