Template: PC_SettingsTemplate_Higher
CeilingDrips: 0
WaveSpeed: 0.578758
WaveLength: 0.960621
WaveAmplitude: 2.772346E-06
SecondWaveLength: 1
SecondWaveAmplitude: 0.0001
Palette: 243
FadePalette: 245, 0.1400591, 0.2144701, 0.2192821
WetTerrain: OFF
