Template: PC_SettingsTemplate_Higher
CeilingDrips: 0
WaveSpeed: 0.5982452
WaveLength: 0.9508774
WaveAmplitude: 4.735221E-12
SecondWaveLength: 1
SecondWaveAmplitude: 0.0001
Clouds: 0.4565217
Palette: 245
FadePalette: 243, 0.5235846, 0.5453239, 0.6132473, 0.5900476
WetTerrain: OFF
