Template: PC_SettingsTemplate_Mushroom
WaveSpeed: 0.51
WaveLength: 1
WaveAmplitude: 0.0001
SecondWaveLength: 1
SecondWaveAmplitude: 0.0001
FadePalette: 10, 0.5877264, 0.2397305, 0.3557291, 0.1701314, 0.5026608, 0.4330617
WetTerrain: OFF
