Template: PC_SettingsTemplate_Surface
CeilingDrips: 0
WaveSpeed: 0.5553216
WaveLength: 0.9723392
WaveAmplitude: 0.0006686352
SecondWaveLength: 1
SecondWaveAmplitude: 0.0001
Palette: 245
PlacedObjects: SnowSource><446.9325><311.0006><None~715.7271~403.6444~50~86.60254~0.5824047~0.5181274, SnowSource><1418.075><308.8823><None~766.9521~416.4445~50~86.60254~0.5437397~0.5335945, 
FadePalette: 245, 0, 0
WetTerrain: OFF
BackgroundOffset: -927.993,-1237.322
