Template: PC_SettingsTemplate_Mushroom
CeilingDrips: 0
WaveSpeed: 0.655786
WaveLength: 0.922107
WaveAmplitude: 1.439867E-11
SecondWaveLength: 1
SecondWaveAmplitude: 0.0001
PlacedObjects: LightSource><424.0153><1097.222><0.1416102~EffectColor2~675.174~427.8222~-189.7615~235.9359~0~0~None~0~0, LightSource><214.4656><1105.956><0.8066685~EffectColor2~295.2552~141.9556~50~86.60254~0~0~None~0~0, LightSource><742.0193><967.8842><0.2653424~EffectColor2~-428.2979~173.9556~50~86.60254~0~0~None~0~0, LightSource><877.7406><1458.155><0.3968068~EffectColor2~-341.4999~90.04449~50~86.60254~0~0~None~0~0, LightSource><104.5834><859.9604><1~EffectColor2~190.6708~205.9556~50~86.60254~0~0~None~0~0, LightSource><2037.327><889.618><0.659737~EffectColor2~-451.0646~168.2667~50~86.60254~0~0~None~0~0, LightSource><1467.615><1406.244><0.3272081~EffectColor2~-273.2~72.26666~50~86.60254~0~0~None~0~0, LightSource><1562.219><1358.215><0.2653424~EffectColor2~-330.8282~130.5778~50~86.60254~0~0~None~0~0, LightSource><957.747><895.9404><0.5360054~EffectColor2~298.8125~186.0444~50~86.60254~0~0~None~0~0, LightSource><1530.444><1127.577><0.1648095~EffectColor2~667.348~405.7778~-591.0239~280.0247~0~0~None~0~0, LightSource><1351.732><796.5804><0.6442712~EffectColor2~352.8833~205.9555~50~86.60254~0~0~None~0~0, LightSource><1896.209><1407.276><0.3736081~EffectColor2~-379.2073~67.28888~50~86.60254~0~0~None~0~0, LightSource><1578.085><387.4632><1~EffectColor2~-749.8771~377.3333~50~86.60254~0~0~None~0~0, LightSource><979.0645><391.5114><0.5514719~EffectColor2~224.1094~264.9778~50~86.60254~0~0~None~0~0, LightSource><1986.592><514.9105><0.1880095~EffectColor2~-332.2512~164~50~86.60254~0~0~None~0~0, LightSource><383.2905><360.1373><0.1957424~EffectColor2~792.5646~402.9333~50~86.60254~0~0~None~0~0, LightSource><155.681><562.9229><0.4485276~EffectColor2~312.3302~135.5555~50~86.60254~0~0~None~0~0, LightSource><-58.22037><275.4266><0.4509397~EffectColor2~250.4333~155.4666~50~86.60254~0~0~None~0~0, LightSource><693.113><485.1506><0.427741~EffectColor2~272.4886~170.4~50~86.60254~0~0~None~0~0, LightSource><2640.151><398.3283><0.2266753~EffectColor2~-795.4104~365.9555~50~86.60254~0~0~None~0~0, LightSource><2391.947><508.1608><0.2653417~EffectColor2~358.5751~186.7556~50~86.60254~0~0~None~0~0, LightSource><2547.153><291.8733><0.4354732~EffectColor2~378.4958~282.7556~50~86.60254~0~0~None~0~0, LightSource><2587.599><559.1845><0.203476~EffectColor2~-523.6333~212.3555~50~86.60254~0~0~None~0~0, LightSource><2551.594><1160.979><0.0952102~EffectColor2~648.1385~379.4666~50~86.60254~0~0~None~0~0, LightSource><2180.326><1255.301><0.3040082~EffectColor2~332.2511~209.5111~50~86.60254~0~0~None~0~0, LightSource><2892.731><1358.656><0.4896061~EffectColor2~-270.3542~122.0445~50~86.60254~0~0~None~0~0, LightSource><2878.257><994.836><0.4818726~EffectColor2~-302.3698~93.59998~50~86.60254~0~0~None~0~0, 
WetTerrain: OFF
